# List of cataclysmic variables
# P. Mroz & P. Szkody
# 23 Mar 2020
# name ra dec l b
ZTF17aaaaqee  70.824327  54.041005 152.925471   5.271729
ZTF17aaabekg  76.116910  44.777086 162.304197   2.114190
ZTF17aaabneq  86.102386  33.671149 175.824713   2.250046
ZTF17aaabswj  81.265520  39.566395 168.763873   2.175078
ZTF17aaacdos  73.320326  38.274549 166.114621  -3.555480
ZTF17aaaedem 358.744281  54.458130 114.711080  -7.509934
ZTF17aaaedpn 329.318490  52.200221  97.941061  -2.011928
ZTF17aaaeefu  14.931218  64.911658 123.810776   2.054050
ZTF17aaaejau 320.369098  29.261457  77.313044 -14.470264
ZTF17aaaemzh   3.909488  26.615701 113.086279 -35.570695
ZTF17aaagrix   0.230071  54.024594 115.477423  -8.114368
ZTF17aaajlbs 163.626921  30.102616 199.342466  64.236404
ZTF17aaajlfw 166.415704  25.107800 211.803230  66.214114
ZTF17aaaoxxi 102.258200   8.995683 204.643114   3.558802
ZTF17aaapome 151.314052  19.185509 215.659620  51.164323
ZTF17aaaqgbm 323.566060  49.190638  93.214970  -1.960626
ZTF17aaarhor  76.880448  44.573457 162.794257   2.424803
ZTF17aaarine 326.700996  48.463184  94.288350  -3.868161
ZTF17aaarlrs  62.300973  48.368470 153.276983  -2.500585
ZTF17aaarlyh  32.662728  53.630842 134.621022  -7.433514
ZTF17aaaruaj  22.152104  53.474822 128.515825  -8.993451
ZTF17aaaslud  62.145773  51.246701 151.257734  -0.446321
ZTF17aaatdec  93.384016   6.952121 202.388231  -5.177705
ZTF17aaatlsc  33.553997  52.432454 135.511615  -8.405762
ZTF17aaatnzw  81.018031  37.068396 170.721436   0.610426
ZTF17aaavfwx  76.554655  -4.135466 204.198023 -25.229911
ZTF17aaawglf 326.015734  44.650475  91.446121  -6.465679
ZTF17aaawpsz  33.314510  53.639674 134.988899  -7.305765
ZTF17aaawsmt 325.889833  51.334297  95.749107  -1.340922
ZTF17aabdvhz  84.382027  50.255970 160.911821   9.803453
ZTF17aabgmof  92.256210  14.102347 195.560441  -2.735555
ZTF17aabooqk 308.450292  46.184091  84.201004   3.604615
ZTF17aabopqx 303.056881  42.764140  79.186472   4.819585
ZTF17aabpkjj 343.763982  54.638697 106.535476  -4.485356
ZTF17aabrpgv 109.241957  -9.581530 224.361774   1.240920
ZTF17aabumcd   8.573719  43.760931 119.659488 -19.001866
ZTF17aabumzi 353.520652  64.710180 114.787358   3.068699
ZTF17aabunmx 353.648186  54.557069 111.856034  -6.653756
ZTF17aabutiy 329.566340  51.838995  97.840472  -2.390933
ZTF17aabuvei 354.192058  57.956712 113.136325  -3.487889
ZTF17aabvfoy 329.566431  51.838985  97.840510  -2.390975
ZTF17aabyrom  97.475944  25.653299 187.650837   7.015423
ZTF17aabyrpg 122.192501  31.518305 190.226823  29.310746
ZTF17aabziqr 103.055556  30.956173 184.906649  13.719089
ZTF17aacbiid 117.781314  30.107855 190.512475  25.276582
ZTF17aacklbl  94.180097  15.403116 195.309808  -0.479371
ZTF17aacldol 154.946875  33.964818 191.616188  56.835635
ZTF17aaclmhw 163.390669  28.842687 202.210127  63.986763
ZTF17aacmlfg  95.863430  17.792245 193.963595   2.069786
ZTF17aacmlmj  97.863172  22.207434 190.904563   5.772756
ZTF17aacpcfj  94.967532  24.349614 187.766276   4.397393
ZTF17aacpcfv  93.018646  25.475705 185.934509   3.371629
ZTF17aacplzj 119.200215  30.968060 190.009633  26.701045
ZTF17aacpwpr  82.120134  32.397545 175.101122  -1.248793
ZTF17aactzul  72.843156  16.172084 183.617387 -17.493298
ZTF17aacucfy  75.350613  20.638263 181.324106 -12.942493
ZTF17aaczwtq  88.387972  24.709160 184.535211  -0.655285
ZTF17aadaxwu  86.951581  28.586401 180.547677   0.227991
ZTF17aadbpoq  94.538373  27.640142 184.664116   5.591635
ZTF17aadnmap  93.933024  28.585658 183.573526   5.561416
ZTF17aadsnyp 325.889821  51.334324  95.749119  -1.340896
ZTF18aaaanuc  95.346897  19.216725 192.474535   2.304289
ZTF18aaacmsd 145.857878  52.024653 164.345860  47.131089
ZTF18aaadclg 179.436877  48.938338 144.810728  65.846362
ZTF18aaadcme 173.962823  53.379488 145.848628  60.255973
ZTF18aaadhmx 160.985891  58.125426 149.761566  51.843723
ZTF18aaadlpa 133.558391  39.093522 183.239050  39.805002
ZTF18aaadvfh  73.865479  38.983061 165.831050  -2.778828
ZTF18aaadvfu  67.154565  31.966024 167.599545 -11.492507
ZTF18aaaedoi  84.512224  42.116321 167.962334   5.623535
ZTF18aaaelvk 103.159334  13.222506 201.251693   6.248040
ZTF18aaahnyx 109.513873  64.795752 151.317368  27.160872
ZTF18aabeymw  50.063687  44.183091 149.144436 -10.984152
ZTF18aabfagc  30.631260  56.394136 132.697266  -5.123835
ZTF18aabfaii  34.269391  57.877925 134.140863  -3.117978
ZTF18aabfbek  41.282943  46.550007 142.480715 -11.961180
ZTF18aabffpk  65.563449  29.799592 168.277071 -13.966557
ZTF18aabjjuj 137.945879  31.850502 193.367999  42.467417
ZTF18aabniof 108.197679   9.946388 206.420174   9.225213
ZTF18aabpwzq 245.529814  19.376813  35.560169  41.330796
ZTF18aabpzqd  94.770357  29.268251 183.308919   6.527735
ZTF18aabqewr 194.634246  26.018291 358.367113  88.063172
ZTF18aabtvdf 269.164777  44.670103  71.396579  28.061072
ZTF18aabtvzf  96.594258  19.775731 192.528065   3.605139
ZTF18aabtwdx  84.811975  45.473560 165.199907   7.569890
ZTF18aabuaxp 124.880181  21.560561 201.902413  28.549109
ZTF18aabxycb 198.810068  42.795709 107.299101  73.602521
ZTF18aabywzu 159.411027  12.713925 230.986299  55.561834
ZTF18aacluoi 124.045136  45.502799 174.458929  33.413070
ZTF18aagqdbp 116.082273  32.913402 187.077030  24.750482
ZTF18aagrotg 270.630621  30.974742  57.054788  23.347581
ZTF18aagsgqc 224.436444  40.727899  68.741388  60.703836
ZTF18aaicnwh 117.749842  14.197257 206.556470  19.484406
ZTF18aaisdps 256.313939  72.734231 104.341525  33.606666
ZTF18aaisedb 237.843329  71.753221 106.369479  39.061673
ZTF18aaiytds 261.992184  38.006274  62.636149  32.043514
ZTF18aajlfdq 209.176636  61.506765 109.775850  53.922772
ZTF18aajoejk 186.920336  51.656865 131.689967  65.065517
ZTF18aajrtmo 267.116132  50.844403  78.132224  30.401895
ZTF18aajrvst 267.067993  50.289690  77.489552  30.366123
ZTF18aajtkma 262.534808  62.798473  92.134519  33.152065
ZTF18aakuohk 244.253910  62.006832  93.583508  41.550545
ZTF18aakvnlw 251.949927  43.645614  68.549212  40.206083
ZTF18aakytes 277.836180  30.326363  58.691254  17.307642
ZTF18aakzafr 281.163207  43.374501  72.547667  19.408603
ZTF18aakzfjo 281.111118  37.997768  67.213563  17.584711
ZTF18aakzqjh 266.703563  19.795705  44.319836  22.794922
ZTF18aakzxki 265.538200  23.808179  47.994938  25.245421
ZTF18aalafea 262.759248  34.442519  58.715991  30.672681
ZTF18aalrikz 196.974303  53.858442 117.565083  63.097962
ZTF18aambkqd 196.311378  58.482265 119.473032  58.553159
ZTF18aamigoo 274.054847  49.868137  77.864911  25.876521
ZTF18aammzjo 281.112050  36.861165  66.103702  17.172430
ZTF18aaniudh 272.449594  30.384875  57.007019  21.676304
ZTF18aaomiig 240.015478  33.187124  53.287811  49.119395
ZTF18aaovfjr 284.546424  46.465674  76.480059  18.211444
ZTF18aaovjvr 253.186790  33.657079  55.822361  38.275567
ZTF18aapauoa 270.179515  21.026172  46.863502  20.240029
ZTF18aapgtye 283.253160  45.452294  75.149561  18.703731
ZTF18aaploaw 266.856651  63.046568  92.318409  31.175708
ZTF18aapqotx 263.126269  50.159064  77.048510  32.862974
ZTF18aapsxwc 290.244616  45.110461  76.762822  14.023216
ZTF18aaptabw 296.875225  48.154904  81.628510  11.296809
ZTF18aaptcay 289.771648  48.251710  79.594500  15.597647
ZTF18aaptcqq 296.080021  49.215884  82.335016  12.257490
ZTF18aaptdcp 275.343815  61.815330  91.168264  27.187183
ZTF18aapuklg 285.925702  53.796070  84.092723  19.866126
ZTF18aaqepuc 174.286117  51.580824 147.714787  61.823793
ZTF18aaqznkg 277.305711  31.106550  59.276923  18.018444
ZTF18aaracvu 280.498804  37.569881  66.612270  17.883483
ZTF18aaraifg 285.243469  30.596518  61.553398  11.550097
ZTF18aasfpxf 269.139099  57.490792  85.914330  29.866513
ZTF18aaslagi 271.443110  31.671576  58.014458  22.913469
ZTF18aasncio 297.097109  36.439705  71.368558   5.437087
ZTF18aasnlwa 290.641859  27.533636  60.882115   5.965102
ZTF18aatzhmn 280.462698  37.874611  66.901015  18.018471
ZTF18aauebur 297.204640  46.510009  80.266025  10.314750
ZTF18aauefbw 291.952182  44.790154  76.991879  12.793052
ZTF18aauegwi 293.015123  45.133100  77.645294  12.267292
ZTF18aaufjip 293.946365  33.137541  67.202791   6.082248
ZTF18aaumvgk 270.076301  15.257914  41.209500  18.057916
ZTF18aautxxk 212.826219  48.216160  91.890856  63.816272
ZTF18aauxwft 244.899118  52.775466  81.426358  43.968177
ZTF18aavesgh 288.520418  47.419435  78.455902  16.042615
ZTF18aavetqn 289.674982  44.820101  76.318485  14.270407
ZTF18aavojbe 236.719611  37.904156  60.656559  51.856438
ZTF18aavqyfi 296.649354  24.382553  60.733566  -0.285099
ZTF18aavyoqk 281.262617  13.921483  44.680688   7.688007
ZTF18aavzjuw 300.021762  22.935000  61.076830  -3.678947
ZTF18aavzjuy 300.615663  22.573875  61.057001  -4.334667
ZTF18aavzkpp 297.726631  35.859974  71.121439   4.706414
ZTF18aawadah 283.068329  15.106536  46.531075   6.644236
ZTF18aawbluo 298.270513  21.246875  58.788657  -3.163668
ZTF18aawceen 304.879538  28.465874  68.112800  -4.358928
ZTF18aawlljc 300.891763  29.576851  67.133579  -0.832542
ZTF18aawluad 303.107713  23.605846  63.163766  -5.718726
ZTF18aawqkva 236.117237  33.956752  54.236598  52.402757
ZTF18aawuypk 297.026862  19.248070  56.470729  -3.172008
ZTF18aawvwks 299.970552  39.233273  74.942867   4.908915
ZTF18aaxdjyj 285.762589  18.529068  50.769849   5.863934
ZTF18aaxlvkk 302.673158  33.873378  71.568275   0.210661
ZTF18aaxndkk 302.306509  33.830776  71.366535   0.442682
ZTF18aaxprrt 309.166434  47.037727  85.181448   3.720134
ZTF18aaxykdf 292.148280  17.482653  52.660728  -0.001881
ZTF18aaxyrau 302.722530  44.179215  80.247619   5.791657
ZTF18aayeczt 299.300877  18.828073  57.205507  -5.236053
ZTF18aayempe 307.231890  47.938959  85.136245   5.307219
ZTF18aayeosh 306.597724  32.019001  71.887495  -3.554998
ZTF18aayhjof 329.385735  54.344387  99.287244  -0.342273
ZTF18aayncoh 291.989984  46.725638  78.797943  13.602389
ZTF18aaynycd 295.627265  36.022024  70.415486   6.262470
ZTF18aayoxjs 321.433040  63.388329 102.155469   9.154935
ZTF18aaypfws 298.905188  23.599416  61.110861  -2.457282
ZTF18aaypnnd 317.141507  39.093140  82.794612  -5.827568
ZTF18aaypqid 346.409999  65.366313 112.195808   4.723886
ZTF18aayukga 302.508360  37.104263  74.202985   2.086379
ZTF18aayupbw 290.128735  27.725878  60.843047   6.457155
ZTF18aayvxdn 302.093938  30.061563  68.102853  -1.451956
ZTF18aaywqbd 307.842531  31.740532  72.277924  -4.576366
ZTF18aaywrtj 324.886645  52.045235  95.746027  -0.396388
ZTF18aayzgkc 272.586220  32.653840  59.359127  22.313113
ZTF18aazeyze 316.147775  15.083731  63.316758 -20.669782
ZTF18aazfbvg 298.691980  18.632577  56.739958  -4.841489
ZTF18aazffjy 307.153464  56.229526  91.959080  10.108396
ZTF18aazlitb 293.766856  17.495064  53.415524  -1.348624
ZTF18aazndjw 347.546493  51.253074 107.233135  -8.506094
ZTF18aazndpb 349.374429  52.338912 108.701091  -7.917962
ZTF18aaznfkp 335.769422  52.682815 101.435766  -3.884227
ZTF18aazsdnv 321.600477  25.640736  75.344816 -17.745701
ZTF18aazvbyj 295.887424  16.518538  53.559231  -3.594719
ZTF18aazwddf 351.016678  51.721672 109.442805  -8.847116
ZTF18abaaewz 247.750957  69.833699 102.197926  37.192192
ZTF18abaeinc 359.977289  61.433989 116.811534  -0.823928
ZTF18abagclj 246.523540  22.845461  40.342085  41.529244
ZTF18abajlni 308.133818  58.157999  93.878030  10.771350
ZTF18abajtog 333.955643  47.350345  97.505425  -7.692604
ZTF18abajvqd 333.168376  51.874192  99.659199  -3.675961
ZTF18abajwhf 333.843260  51.861700  99.996543  -3.921957
ZTF18abaphmn 324.606968  27.510017  78.727998 -18.359129
ZTF18abaqipz 338.400139  51.627562 102.264319  -5.626677
ZTF18abaqnny 302.345404  59.230014  93.143408  13.881428
ZTF18abarpse 294.943048  24.989795  60.488921   1.361857
ZTF18abasjwy 315.689882  40.650638  83.211601  -3.958307
ZTF18abasuza 299.327457  30.919431  67.562840   1.023305
ZTF18abasxgt 340.619789  55.414787 105.280905  -2.974640
ZTF18abaulyr 233.550762  59.808838  94.091084  47.179611
ZTF18abbctvx 294.012021  46.142004  78.887208  12.094107
ZTF18abbeuvc 295.169672  14.584943  51.531553  -3.945698
ZTF18abbghiz 194.041091  62.617803 121.996051  54.501857
ZTF18abbkoer 294.721531  21.444717  57.301859  -0.204448
ZTF18abblwnw 341.253670  56.525156 106.117726  -2.162312
ZTF18abblznz 302.988938  44.137124  80.316138   5.608212
ZTF18abboabk 354.684650  56.637502 113.019358  -4.828601
ZTF18abbprmq 272.186260  34.456631  61.100671  23.197437
ZTF18abbrlfq 308.642735  36.801897  76.754579  -2.109612
ZTF18abbtilo 284.435921  32.229563  62.781647  12.854175
ZTF18abbuhez 330.750920  55.129983 100.389981  -0.193057
ZTF18abbunai 328.832233  49.400828  95.969912  -4.026053
ZTF18abburnj 331.812238  52.361078  99.259769  -2.797660
ZTF18abbuvwb   2.914341  72.688964 119.940263  10.048684
ZTF18abcbqxj 322.317668  49.865598  93.081433  -0.914546
ZTF18abcbtam 308.437354  57.127206  93.116714  10.044547
ZTF18abcccnr 290.674838  52.733045  84.120198  16.834020
ZTF18abccqjx 340.919676  30.922223  93.033475 -24.430107
ZTF18abccukx 344.038795  52.618480 105.804582  -6.377034
ZTF18abccuzk   4.450181  62.581870 119.070565  -0.037424
ZTF18abccwds 343.131590  59.193077 108.219582  -0.239070
ZTF18abcdcfr 334.465386  52.702468 100.782953  -3.436323
ZTF18abcgndm 281.044444  -2.248053  30.103543   0.589045
ZTF18abchbfs 308.953743  44.757957  83.266566   2.469809
ZTF18abchdpe 308.108177  33.563504  73.886773  -3.682875
ZTF18abchfow 297.661867  21.281050  58.528605  -2.658255
ZTF18abchhat   5.861675  63.554266 119.821319   0.851699
ZTF18abciqza 287.052685   4.957787  39.256846  -1.456929
ZTF18abcjntk 316.771441  39.771543  83.106202  -5.159939
ZTF18abckpdh   9.277142  59.047697 121.086318  -3.772694
ZTF18abckxfb 267.340779  19.739698  44.507437  22.218122
ZTF18abcmsux 270.853125  17.875446  44.047879  18.430973
ZTF18abcpbbj 354.364865  51.232956 111.297546  -9.959966
ZTF18abcqadc 334.792258  31.589682  88.703003 -20.976949
ZTF18abcrbtv   3.503881  59.800789 118.236287  -2.729342
ZTF18abcsatf 154.554186  71.928572 137.590521  40.551615
ZTF18abcsuit 326.910047  24.764962  78.284000 -21.770108
ZTF18abcvelo 348.577245  58.286652 110.438180  -2.209315
ZTF18abcvjox   8.119938  63.497233 120.818715   0.703297
ZTF18abcwcew 297.587909  41.876457  76.307787   7.810947
ZTF18abcxmen 344.241172  55.561576 107.180994  -3.770020
ZTF18abcxwzw 323.716609  53.932135  96.480414   1.478966
ZTF18abcysbr 282.181021  29.914206  59.803057  13.682107
ZTF18abcyzxp 287.247105  25.662676  57.816259   7.822384
ZTF18abdeelv 292.746587  51.959777  83.914068  15.364252
ZTF18abdegcu 326.820708  56.081462  99.235461   1.928173
ZTF18abdhozj 278.047338  61.918308  91.490383  25.941227
ZTF18abdhxvl 310.998266  42.057060  82.032322  -0.354525
ZTF18abdhzhu 328.189051  61.747713 103.388047   5.858075
ZTF18abdidvz 328.338436  49.911823  96.038056  -3.427157
ZTF18abdiirq 295.270226  31.963275  66.713062   4.537492
ZTF18abdjqmg 294.684729  35.675330  69.738117   6.763413
ZTF18abdjyag  18.163152  68.196615 124.908193   5.406308
ZTF18abdkbpz 336.484161  57.488344 104.344015  -0.035211
ZTF18abdklug 279.274725  37.299667  65.985741  18.698262
ZTF18abdkpgs 288.681330  60.870514  91.741683  20.754624
ZTF18abdkpol 295.922940  43.986623  77.576704   9.900540
ZTF18abdksvs 286.036771  15.400799  48.086691   4.217248
ZTF18abdktbj 292.359994  12.295720  48.200859  -2.660829
ZTF18abdkvek 294.837055  16.023352  52.630140  -2.961088
ZTF18abdkwtr 293.989742  33.013693  67.110906   5.991088
ZTF18abdkxkz 294.581430  30.548973  65.186627   4.361583
ZTF18abdlywu   9.728483  61.216717 121.424326  -1.618367
ZTF18abdrnrd 255.090277 -20.892719   0.966040  12.989886
ZTF18abecbgz 315.672939  54.721845  93.753049   5.376577
ZTF18abeechv 259.012081  29.460161  52.123704  32.517635
ZTF18abeoxti 260.388526 -18.719319   5.685172  10.127124
ZTF18abeqjhx 278.854165  -6.019851  25.749872   0.802259
ZTF18abesjel 306.662430  47.474006  84.532726   5.351163
ZTF18abetcrn 262.014095  25.847301  48.983291  28.934807
ZTF18abetddh 266.809779  15.013193  39.616085  20.841002
ZTF18abffzyg 268.160263   7.551274  33.066739  16.486754
ZTF18abfgyjt 278.748002  54.554166  83.606693  24.109323
ZTF18abfhssx 297.111168  59.552848  92.139030  16.384103
ZTF18abflqfh  19.301558  58.467862 126.305036  -4.235021
ZTF18abfmuvj 268.377040  20.635288  45.796119  21.653249
ZTF18abfwukx 261.600408  36.418408  60.727223  32.031300
ZTF18abfxhyn 281.553647  12.874750  43.860136   6.971446
ZTF18abfyqzo  17.781545  59.714029 125.415469  -3.062747
ZTF18abfyzmf 216.450311  15.250344   9.285377  65.070685
ZTF18abgjgyt   5.039667  51.320291 117.958282 -11.249143
ZTF18abgjrmo 287.843302  33.845580  65.504379  10.938075
ZTF18abgopgb  16.766172  42.719995 125.986508 -20.059054
ZTF18abgpmcd 333.241551  49.112307  98.117579  -5.971764
ZTF18abgrzbs   8.266530  38.018138 118.949820 -24.711521
ZTF18abgtjea 359.890176  56.083755 115.697446  -6.057586
ZTF18abgtrkj  18.157173  61.459843 125.460898  -1.307809
ZTF18abgxyfz 288.872866  31.664439  63.894652   9.207430
ZTF18abgyrha 305.548500  31.818318  71.211306  -2.940472
ZTF18abhpycx 310.737313  23.879577  67.418789 -11.299367
ZTF18abhxhup 278.013844  -9.238502  22.509687   0.057170
ZTF18abhxptl 286.798843   1.095941  35.706674  -3.004260
ZTF18abhypsw  13.040035  43.938918 123.069370 -18.932639
ZTF18abidnmb 303.811406  36.989985  74.679957   1.155060
ZTF18abigrzf 335.436558  18.668902  80.417035 -31.577696
ZTF18abihaqc 330.468376  48.205720  96.092200  -5.630575
ZTF18abihypg 322.092487  63.432550 102.399934   8.979440
ZTF18abijvqm 278.428460  10.507339  40.351674   8.670990
ZTF18abikpuh 292.990303  20.508808  55.697654   0.752374
ZTF18abikzev 310.376672  48.225808  86.623796   3.791738
ZTF18abindde 287.060830 -13.740200  22.466903  -9.883260
ZTF18abindhq 287.092661 -14.499060  21.785719 -10.239595
ZTF18abindju 284.936187 -14.086022  21.240660  -8.178514
ZTF18abinfxp 282.838823 -19.564960  15.371332  -8.765769
ZTF18abiwzlg 358.004942  44.849487 111.990044 -16.756174
ZTF18abixdpa 282.592934  74.934046 106.093579  26.192382
ZTF18abiyndl 284.292387 -18.130198  17.284503  -9.383523
ZTF18abjcuhv  28.642447  55.840431 131.764655  -5.944875
ZTF18abjhbyv 294.319466   7.127417  44.571445  -6.827630
ZTF18abjhdua 299.654520  16.691226  55.537666  -6.624456
ZTF18abjkhgu 286.317063  47.392915  77.843821  17.414008
ZTF18abjmgew  25.469652  54.295446 130.321563  -7.851000
ZTF18abjmxql 354.681425  57.288855 113.199627  -4.202527
ZTF18abjriks   1.105492  59.372224 116.966982  -2.953921
ZTF18abjtach 325.887371  46.206159  92.399277  -5.229061
ZTF18abjvmhv 273.863917  41.934822  69.332869  24.094730
ZTF18abjwsby 314.815433  43.018673  84.566361  -1.908552
ZTF18abjzbhm 241.079241  16.263429  29.541610  44.182713
ZTF18abkhfwd 289.276503  12.261862  46.748574  -0.020500
ZTF18abkhgfg 291.641083  16.038979  51.160201  -0.263552
ZTF18abkhmbf 295.117082  36.856476  70.950100   7.025868
ZTF18abkhych 295.680643  30.838536  65.903870   3.679397
ZTF18abkibwv  25.497846  57.122369 129.780198  -5.075673
ZTF18abkikam 256.185470  26.341249  47.723944  34.081478
ZTF18abklaip 237.626584  -0.238162   7.995420  39.047806
ZTF18abkwvnr 306.671467  29.953170  70.232501  -4.798898
ZTF18abllusk 350.576254  57.336084 111.100845  -3.473923
ZTF18ablmpfr 281.143606  13.121602  43.905058   7.438968
ZTF18ablomyc 277.613588   5.987020  35.900860   7.382258
ZTF18ablosld 310.126713  33.072144  74.505976  -5.327702
ZTF18ablqcev  27.486692  53.583917 131.645634  -8.295039
ZTF18ablrvfh 281.814031  -6.222509  26.916597  -1.907237
ZTF18abltirl 271.734179   6.176302  33.418132  12.696673
ZTF18ablvaya   3.651078  50.544435 116.966582 -11.900197
ZTF18ablvjse 344.135117  35.710684  98.122233 -21.565569
ZTF18ablvntg 336.779867  55.633323 103.506625  -1.698527
ZTF18ablvskr 292.486226  10.723236  46.875857  -3.519610
ZTF18ablwmaq  41.431668  63.280182 135.369620   3.202338
ZTF18ablxhlc 297.242957  58.439129  91.129653  15.832219
ZTF18ablxnta 285.191792  17.259088  49.384025   5.779464
ZTF18abmarba 320.287185  30.570633  78.245122 -13.521027
ZTF18abmfxml 297.678215   8.429247  47.348205  -9.109652
ZTF18abmhjpr 301.031829  12.438434  52.542070  -9.952794
ZTF18abmirqc 289.775387  -2.877708  33.518778  -7.465136
ZTF18abmjmmu   3.258817  58.171055 117.871379  -4.322867
ZTF18abmnbne 334.381940  46.992483  97.544547  -8.151457
ZTF18abmnmuw 341.964401  36.722030  96.983897 -19.846296
ZTF18abmnmvz 343.460533  33.509000  96.477540 -23.251967
ZTF18abmntno  11.876313  58.533831 122.417259  -4.333989
ZTF18abmokzc  51.335929  50.401521 146.404182  -5.322122
ZTF18abmqcnx 306.339770  15.987634  58.390722 -12.432778
ZTF18abmszln 297.060250  34.866942  69.986026   4.676848
ZTF18abmwrrx  18.905252  62.283196 125.739817  -0.456638
ZTF18abnbmkv 303.583121  16.661038  57.506165  -9.844547
ZTF18abncqfx  15.517271  60.689824 124.233574  -2.155054
ZTF18abnnidi 336.099328  51.509423 100.976168  -4.983296
ZTF18abnudvw 301.087271  11.546418  51.791665 -10.455989
ZTF18abnuekr 303.482815  -5.435026  37.570133 -20.809026
ZTF18abnxgmb 327.032504  29.646664  81.904261 -18.266127
ZTF18abnxloo 316.170933  39.681279  82.729016  -4.876610
ZTF18abobptn 299.328442  -9.322656  31.926303 -18.834889
ZTF18abochac 327.857535  46.467619  93.614775  -5.903579
ZTF18abojwke 291.744125   3.909012  40.498365  -6.087639
ZTF18abpaake 256.525427  25.864787  47.277455  33.653959
ZTF18abpoeao 299.462451   9.439209  49.123106 -10.141422
ZTF18abppgdj  52.066252  61.421506 140.578088   4.044852
ZTF18abptyvl 293.989415  11.091163  47.908885  -4.638681
ZTF18abqasii  23.659328  52.104396 129.647567 -10.203167
ZTF18abqazwf 285.134471  30.511120  61.434071  11.599466
ZTF18abqboud 337.845817  33.515858  92.141635 -20.851064
ZTF18abqdgcg 291.787278   8.474361  44.564355  -3.980222
ZTF18abqdpzl 316.768345  45.521070  87.366464  -1.290617
ZTF18abqdtes 328.641536  23.900055  78.893097 -23.479192
ZTF18abqedag  80.412458  43.998365 164.737100   4.145439
ZTF18abqeizk  95.465310  20.395649 191.484228   2.955165
ZTF18abqlkwb 321.921831  50.354273  93.234261  -0.385499
ZTF18abqlqri 339.370125  58.077497 105.967902  -0.312419
ZTF18abrnzbv 318.353025  44.043992  87.050676  -3.120102
ZTF18abrwrxh 293.905306  12.867879  49.429091  -3.708760
ZTF18abrzwax 283.321965  10.687221  42.671579   4.444986
ZTF18absanfq 320.773105  15.146820  66.377375 -24.125034
ZTF18absbkar 331.281565  45.093288  94.660652  -8.455539
ZTF18abscxct  65.887131  74.880595 135.552225  17.492779
ZTF18absiggp 291.685474   7.779705  43.902691  -4.219271
ZTF18absihoy 301.927534  11.969567  52.590997 -10.944736
ZTF18abssrbs 308.756129  -0.329556  45.103600 -23.036525
ZTF18abtffxi 336.181100  50.527537 100.492658  -5.840646
ZTF18abtlqub  31.242639  57.468589 132.720202  -3.999031
ZTF18abtmqvh  53.103682  53.604816 145.487644  -2.065253
ZTF18abtmzoi  61.749240   0.878820 190.342513 -35.317959
ZTF18abtovmq 311.619521  22.570849  66.843129 -12.732189
ZTF18abtsujy  71.454523  43.216370 161.410209  -1.474787
ZTF18abuafzd  80.482854  38.870863 168.996144   1.282036
ZTF18abudsie 301.935833  -0.463928  41.466194 -17.130884
ZTF18abujafa  68.528647  49.105082 155.662967   0.921638
ZTF18abumrmx  18.818954  24.925052 129.759819 -37.630457
ZTF18abuocxn   4.289677  48.897113 117.147522 -13.589256
ZTF18abuqngq  92.854408  22.354748 188.604173   1.743601
ZTF18aburjrn 300.048578  22.581513  60.787915  -3.884996
ZTF18abvbqyo 331.671049  30.243258  85.554495 -20.422164
ZTF18abvburn 343.839175  53.645498 106.142768  -5.399310
ZTF18abvcrsv 316.863797  46.728077  88.302352  -0.525379
ZTF18abvhasg 302.998451  25.947227  65.080524  -4.359878
ZTF18abvigco 322.497862  78.872643 113.846697  19.745298
ZTF18abvlkyj  74.186555  50.759118 156.775909   4.762665
ZTF18abvokyy 299.312768  36.450960  72.287479   3.908060
ZTF18abvtosb  82.231977  36.310770 171.893565   0.995041
ZTF18abvurzy 289.390373  16.027261  50.130787   1.639057
ZTF18abvxbfh 353.874992  60.901591 113.828779  -0.620924
ZTF18abvxdou 328.134613  49.072071  95.407450  -3.998749
ZTF18abvytad  18.573874  59.598532 125.824513  -3.144781
ZTF18abwcaoz  78.143906  45.086286 162.912553   3.450426
ZTF18abwklul  64.559462  51.128735 152.438489   0.506680
ZTF18abwntpz 323.654523  57.035344  98.548988   3.794517
ZTF18abwsres  89.689508  39.259167 172.443394   7.559320
ZTF18abxcbwg 282.827563  12.494372  44.074270   5.689261
ZTF18abxcues 310.393783  22.526498  66.116391 -11.849431
ZTF18abxkbzz 311.119558  14.836553  60.079188 -16.892531
ZTF18abxyuzo 306.096160  24.069419  65.077814  -7.737082
ZTF18abydnst  86.598770  33.523358 176.166315   2.526276
ZTF18abygdtf 312.372793  55.088199  92.808598   7.065367
ZTF18abypyap  97.941604   9.579234 202.174598   0.037130
ZTF18abyyhsf  94.000943  21.374944 189.974114   2.210182
ZTF18abzbknn  23.155257  60.602586 127.967744  -1.865866
ZTF18abzhbdj 100.860833  13.521963 199.975298   4.383880
ZTF18abztcib  98.378151  59.313272 155.928978  20.894238
ZTF18abzvpif 312.466225  46.330602  86.022673   1.502631
ZTF18acaqbgu 278.649829  31.533615  60.135928  17.107319
ZTF18acarunx 333.515704  37.581311  91.506039 -15.506862
ZTF18acayurb 306.662419  47.473986  84.532705   5.351158
ZTF18acbwqtc 310.184226  50.994489  88.749648   5.578470
ZTF18accbuhi   9.063530  38.858827 119.699019 -23.917592
ZTF18accejpc 294.460590  36.468385  70.352399   7.301997
ZTF18accntcd 285.269242  45.087765  75.318567  17.247693
ZTF18accpmqr 313.786837  -6.486498  41.755850 -30.397367
ZTF18accvefv 106.207834   7.053674 208.151198   6.175953
ZTF18acdwdgx 280.713689  33.947076  63.150345  16.396152
ZTF18acdwipj 301.756680  35.990843  72.939160   1.990984
ZTF18acehgym 342.108209  38.919331  98.208882 -17.975939
ZTF18acemvzp  74.464906  -6.177256 205.131300 -28.023546
ZTF18acewivc  97.422282  -1.650313 211.921087  -5.591059
ZTF18acgplgw  42.500648  37.656084 147.474654 -19.500984
ZTF18achqmhh  67.447026  18.796810 178.098565 -19.955049
ZTF18achruxf  89.425885  35.002685 176.073636   5.289975
ZTF18achtpcj 100.338774  44.684927 170.907387  17.026975
ZTF18acnatft  97.268657  11.427081 200.230456   0.306692
ZTF18acnnxrd 107.867958  -3.437616 218.280801   2.878455
ZTF18acnocdo 138.677819  67.176931 146.623519  38.484945
ZTF18acphaci 103.961827  -9.543789 221.934688  -3.366216
ZTF18acpvmnu 106.899870  -9.211589 222.963730  -0.635692
ZTF18acqxeba 120.819248  66.186145 149.820976  31.868176
ZTF18acrhioo 130.079963  -3.856883 229.737435  22.055291
ZTF18acrvcld 109.171995  -6.946848 221.996619   2.406357
ZTF18acrvecv 109.593306   4.384905 212.079403   7.985054
ZTF18acrxmxy 107.681871   4.325062 211.266246   6.257314
ZTF18acsjdxo  69.819552  15.442651 182.397506 -20.261620
ZTF18acsjgoa  55.692400  33.712000 159.152690 -16.847812
ZTF18actxlqb 341.272357   1.263096  70.851504 -48.408447
ZTF18acuwgij  60.559307  22.143203 170.800108 -22.515095
ZTF18acuxjqf  82.734346  31.866611 175.831018  -1.107733
ZTF18acuxkzq 106.156641   6.020352 209.056191   5.666004
ZTF18acuxvld 108.804098  -6.710622 221.617462   2.192563
ZTF18acvmvpg 281.190349  12.460221  43.327439   7.105491
ZTF18acvvthl 117.418039   7.265542 213.000247  16.235547
ZTF18acwrqet 301.513477   9.119565  49.878944 -12.051763
ZTF18acxhxny  86.767295  26.751109 182.033384  -0.861845
ZTF18acyjvhm 301.569106   7.637648  48.597057 -12.846918
ZTF18acynctq 310.087171  49.265551  87.333217   4.577176
ZTF18acypzuf  69.494888  37.049836 165.083686  -6.656166
ZTF18acyqzew  25.975960  29.017730 136.535357 -32.464328
ZTF18aczejci 141.585076   3.761758 229.137901  35.837283
ZTF18aczower   8.749610  27.605265 118.478412 -35.124288
ZTF18adaifhl  83.941205  -8.796880 212.319553 -20.786789
ZTF18adarypz  60.322601  28.661585 165.766543 -18.014478
ZTF18adavsso 115.500848 -23.913665 239.804018  -0.388768
ZTF18adbahiw 239.184276  -0.163977   9.235642  37.827852
ZTF19aaaaazu 306.764960  19.385555  61.507452 -10.885729
ZTF19aactcry  60.920943  47.940677 152.879663  -3.434996
ZTF19aacyjjz 167.578946  -5.371795 262.203811  49.334702
ZTF19aaedxnl 277.530040  76.720548 107.980660  27.566601
ZTF19aaekpin 103.518286  -9.684296 221.861832  -3.819754
ZTF19aagdvdi 257.910019   5.664147  26.383945  24.745279
ZTF19aajywdx 141.142881   8.675376 223.518457  37.869404
ZTF19aakmorl  99.387529  -9.595031 219.947600  -7.420387
ZTF19aakncwr 122.716317  -4.074590 225.997903  15.613049
ZTF19aanvbqa 261.959040  23.879863  46.840745  28.353577
ZTF19aaqhcmn 188.107373  14.344905 282.867308  76.470532
ZTF19aaqxmmw 224.744090  -6.118273 350.516595  44.651859
ZTF19aarflna 173.509474  14.024811 245.040598  67.696636
